BASE
1039.48
-4.15 0.07 42.58
4967419.76 -12473.98 -164468.14
-12473.98 4791352.46 24776.69
-164468.14 24776.69 1597848.29

B_HR
59.30
-0.02 0.17 -25.56
61803.08 2.05 49.48
2.05 62818.59 50.67
49.48 50.67 5439.77

B_HN
520.65
1.20 -0.84 53.53
2265870.04 -7871.81 11926.53
-7871.81 2264205.13 2318.46
11926.53 2318.46 873733.21

R_SFE
69.96
-1.78 24.96 0.18
71024.99 -2024.67 -17.22
-2024.67 14057.99 8.41
-17.22 8.41 73166.00

R_SAA
123.09
18.85 -5.77 0.65
82284.13 -39780.57 7526.01
-39780.57 290014.45 -1529.45
7526.01 -1529.45 268423.31

R_HR
59.71
-25.60 0.01 -0.19
5503.19	-22.43 -15.34
-22.43 62254.05 5.59
-15.34 5.59 63251.24

R_EB
77.24
25.56 -2.73 0.96
25194.83 -2162.93 718.46
-2162.93 88903.15 -108.09
718.46 -108.09 86868.67

R_WR
166.53
31.80 -0.83 4.77
61056.75 -5036.40 38953.69
-5036.40 279473.51 -2930.76
38953.69 -2930.76 279988.03

R_FB
71.17
-7.66 12.00 27.17
89971.64 -5002.14 -12735.48
-5002.14 105522.50 27700.75
-12735.48 27700.75 66883.82

R_HFE
135.30
-16.49 -0.29 -4.75
27911.29 47.65 5309.58
47.65 101468.47 0.07
5309.58 0.07 92091.65

R_HAA
394.21
1.32 -2.35 -53.52
1630119.59 319.39 -82870.48
319.39 1592699.48 43339.19
-82870.48 43339.19 301208.88

R_KFE
291.59
4.22 -2.520 -48.68
1153825.50 775.29 -32312.79
775.29 1103777.29 43967.28
-32312.79 43967.28 188610.38


R_AFE
138.92
1.42 -0.28 6.38
38826.14 -47.11 -2213.27
-47.11 72115.71 6.86
-2213.27 6.86 53520.41

R_AAA
161.75
25.40 -3.32 -32.41
269612.04 -5876.90 -139244.46
-5876.90 643878.18 18870.96
-139244.46 18870.96 525191.67

